cuda
Game: (Go/Attaxx) Load:
True will load a previous model, False will start from scratch (True/False):
Alias of the new model: Test:
True will play against the model, False will train the model (True/False):
Iteration 1
Player: 1 with move [0, 0, 0, 2]
Board:
    0  1  2  3  4 
  +---------------
 0| 0  0  1  0  -1 
 1| 0  0  0  0  0  
 2| 0  0  0  0  0  
 3| 0  0  0  0  0  
 4| -1 0  0  0  1  
Player: -1 with move [0, 4, 2, 4]
Board:
    0  1  2  3  4 
  +---------------
 0| 0  0  1  0  0  
 1| 0  0  0  0  0  
 2| 0  0  0  0  -1 
 3| 0  0  0  0  0  
 4| -1 0  0  0  1  
Player: 1 with move [0, 2, 1, 1]
Board:
    0  1  2  3  4 
  +---------------
 0| 0  0  1  0  0  
 1| 0  1  0  0  0  
 2| 0  0  0  0  -1 
 3| 0  0  0  0  0  
 4| -1 0  0  0  1  
Player: -1 with move [2, 4, 2, 2]
Board:
    0  1  2  3  4 
  +---------------
 0| 0  0  1  0  0  
 1| 0  -1 0  0  0  
 2| 0  0  -1 0  0  
 3| 0  0  0  0  0  
 4| -1 0  0  0  1  
Player: 1 with move [0, 2, 1, 2]
Board:
    0  1  2  3  4 
  +---------------
 0| 0  0  1  0  0  
 1| 0  1  1  0  0  
 2| 0  0  1  0  0  
 3| 0  0  0  0  0  
 4| -1 0  0  0  1  
Player: -1 with move [4, 0, 4, 1]
Board:
    0  1  2  3  4 
  +---------------
 0| 0  0  1  0  0  
 1| 0  1  1  0  0  
 2| 0  0  1  0  0  
 3| 0  0  0  0  0  
 4| -1 -1 0  0  1  
Player: 1 with move [4, 4, 4, 3]
Board:
    0  1  2  3  4 
  +---------------
 0| 0  0  1  0  0  
 1| 0  1  1  0  0  
 2| 0  0  1  0  0  
 3| 0  0  0  0  0  
 4| -1 -1 0  1  1  
Player: -1 with move [4, 1, 3, 2]
Board:
    0  1  2  3  4 
  +---------------
 0| 0  0  1  0  0  
 1| 0  1  1  0  0  
 2| 0  0  -1 0  0  
 3| 0  0  -1 0  0  
 4| -1 -1 0  -1 1  
Player: 1 with move [1, 1, 3, 1]
Board:
    0  1  2  3  4 
  +---------------
 0| 0  0  1  0  0  
 1| 0  0  1  0  0  
 2| 0  0  1  0  0  
 3| 0  1  1  0  0  
 4| 1  1  0  -1 1  
Player: -1 with move [4, 3, 2, 1]
Board:
    0  1  2  3  4 
  +---------------
 0| 0  0  1  0  0  
 1| 0  0  -1 0  0  
 2| 0  -1 -1 0  0  
 3| 0  -1 -1 0  0  
 4| 1  1  0  0  1  
Player: 1 with move [4, 4, 2, 4]
Board:
    0  1  2  3  4 
  +---------------
 0| 0  0  1  0  0  
 1| 0  0  -1 0  0  
 2| 0  -1 -1 0  1  
 3| 0  -1 -1 0  0  
 4| 1  1  0  0  0  
Player: -1 with move [3, 2, 4, 2]
Board:
    0  1  2  3  4 
  +---------------
 0| 0  0  1  0  0  
 1| 0  0  -1 0  0  
 2| 0  -1 -1 0  1  
 3| 0  -1 -1 0  0  
 4| 1  -1 -1 0  0  
Player: 1 with move [2, 4, 2, 3]
Board:
    0  1  2  3  4 
  +---------------
 0| 0  0  1  0  0  
 1| 0  0  1  0  0  
 2| 0  -1 1  1  1  
 3| 0  -1 1  0  0  
 4| 1  -1 -1 0  0  
Player: -1 with move [2, 1, 0, 3]
Board:
    0  1  2  3  4 
  +---------------
 0| 0  0  -1 -1 0  
 1| 0  0  -1 0  0  
 2| 0  0  1  1  1  
 3| 0  -1 1  0  0  
 4| 1  -1 -1 0  0  
Player: 1 with move [2, 3, 1, 4]
Board:
    0  1  2  3  4 
  +---------------
 0| 0  0  -1 1  0  
 1| 0  0  -1 0  1  
 2| 0  0  1  1  1  
 3| 0  -1 1  0  0  
 4| 1  -1 -1 0  0  
Player: -1 with move [1, 2, 3, 4]
Board:
    0  1  2  3  4 
  +---------------
 0| 0  0  -1 1  0  
 1| 0  0  0  0  1  
 2| 0  0  1  -1 -1 
 3| 0  -1 1  0  -1 
 4| 1  -1 -1 0  0  
Player: 1 with move [0, 3, 1, 3]
Board:
    0  1  2  3  4 
  +---------------
 0| 0  0  1  1  0  
 1| 0  0  0  1  1  
 2| 0  0  1  1  1  
 3| 0  -1 1  0  -1 
 4| 1  -1 -1 0  0  
Player: -1 with move [4, 1, 3, 0]
Board:
    0  1  2  3  4 
  +---------------
 0| 0  0  1  1  0  
 1| 0  0  0  1  1  
 2| 0  0  1  1  1  
 3| -1 -1 1  0  -1 
 4| -1 -1 -1 0  0  
Player: 1 with move [1, 4, 1, 2]
Board:
    0  1  2  3  4 
  +---------------
 0| 0  0  1  1  0  
 1| 0  0  1  1  0  
 2| 0  0  1  1  1  
 3| -1 -1 1  0  -1 
 4| -1 -1 -1 0  0  
Player: -1 with move [3, 4, 4, 4]
Board:
    0  1  2  3  4 
  +---------------
 0| 0  0  1  1  0  
 1| 0  0  1  1  0  
 2| 0  0  1  1  1  
 3| -1 -1 1  0  -1 
 4| -1 -1 -1 0  -1 
Player: 1 with move [3, 2, 4, 3]
Board:
    0  1  2  3  4 
  +---------------
 0| 0  0  1  1  0  
 1| 0  0  1  1  0  
 2| 0  0  1  1  1  
 3| -1 -1 1  0  1  
 4| -1 -1 1  1  1  
Player: -1 with move [4, 0, 2, 0]
Board:
    0  1  2  3  4 
  +---------------
 0| 0  0  1  1  0  
 1| 0  0  1  1  0  
 2| -1 0  1  1  1  
 3| -1 -1 1  0  1  
 4| 0  -1 1  1  1  
Player: 1 with move [2, 2, 4, 0]
Board:
    0  1  2  3  4 
  +---------------
 0| 0  0  1  1  0  
 1| 0  0  1  1  0  
 2| -1 0  0  1  1  
 3| 1  1  1  0  1  
 4| 1  1  1  1  1  
Player: -1 with move [2, 0, 2, 2]
Board:
    0  1  2  3  4 
  +---------------
 0| 0  0  1  1  0  
 1| 0  0  -1 -1 0  
 2| 0  0  -1 -1 1  
 3| 1  -1 -1 0  1  
 4| 1  1  1  1  1  
Player: 1 with move [2, 4, 1, 4]
Board:
    0  1  2  3  4 
  +---------------
 0| 0  0  1  1  0  
 1| 0  0  -1 1  1  
 2| 0  0  -1 1  1  
 3| 1  -1 -1 0  1  
 4| 1  1  1  1  1  
Player: -1 with move [3, 2, 3, 3]
Board:
    0  1  2  3  4 
  +---------------
 0| 0  0  1  1  0  
 1| 0  0  -1 1  1  
 2| 0  0  -1 -1 -1 
 3| 1  -1 -1 -1 -1 
 4| 1  1  -1 -1 -1 
Player: 1 with move [3, 0, 2, 0]
Board:
    0  1  2  3  4 
  +---------------
 0| 0  0  1  1  0  
 1| 0  0  -1 1  1  
 2| 1  0  -1 -1 -1 
 3| 1  1  -1 -1 -1 
 4| 1  1  -1 -1 -1 
Player: -1 with move [2, 3, 2, 1]
Board:
    0  1  2  3  4 
  +---------------
 0| 0  0  1  1  0  
 1| 0  0  -1 1  1  
 2| -1 -1 -1 0  -1 
 3| -1 -1 -1 -1 -1 
 4| 1  1  -1 -1 -1 
Player: 1 with move [1, 3, 0, 4]
Board:
    0  1  2  3  4 
  +---------------
 0| 0  0  1  1  1  
 1| 0  0  -1 1  1  
 2| -1 -1 -1 0  -1 
 3| -1 -1 -1 -1 -1 
 4| 1  1  -1 -1 -1 
Player: -1 with move [2, 1, 1, 1]
Board:
    0  1  2  3  4 
  +---------------
 0| 0  0  -1 1  1  
 1| 0  -1 -1 1  1  
 2| -1 -1 -1 0  -1 
 3| -1 -1 -1 -1 -1 
 4| 1  1  -1 -1 -1 
Player: 1 with move [0, 3, 0, 1]
Board:
    0  1  2  3  4 
  +---------------
 0| 0  1  1  0  1  
 1| 0  1  1  1  1  
 2| -1 -1 -1 0  -1 
 3| -1 -1 -1 -1 -1 
 4| 1  1  -1 -1 -1 
Player: -1 with move [3, 0, 1, 0]
Board:
    0  1  2  3  4 
  +---------------
 0| 0  -1 1  0  1  
 1| -1 -1 1  1  1  
 2| -1 -1 -1 0  -1 
 3| 0  -1 -1 -1 -1 
 4| 1  1  -1 -1 -1 
Player: 1 with move [1, 2, 2, 3]
Board:
    0  1  2  3  4 
  +---------------
 0| 0  -1 1  0  1  
 1| -1 -1 1  1  1  
 2| -1 -1 1  1  1  
 3| 0  -1 1  1  1  
 4| 1  1  -1 -1 -1 
Player: -1 with move [2, 0, 0, 0]
Board:
    0  1  2  3  4 
  +---------------
 0| -1 -1 1  0  1  
 1| -1 -1 1  1  1  
 2| 0  -1 1  1  1  
 3| 0  -1 1  1  1  
 4| 1  1  -1 -1 -1 
Player: 1 with move [0, 2, 0, 3]
Board:
    0  1  2  3  4 
  +---------------
 0| -1 -1 1  1  1  
 1| -1 -1 1  1  1  
 2| 0  -1 1  1  1  
 3| 0  -1 1  1  1  
 4| 1  1  -1 -1 -1 
Player: -1 with move [1, 0, 3, 0]
Board:
    0  1  2  3  4 
  +---------------
 0| -1 -1 1  1  1  
 1| 0  -1 1  1  1  
 2| 0  -1 1  1  1  
 3| -1 -1 1  1  1  
 4| -1 -1 -1 -1 -1 
Player: 1 with move [0, 2, 2, 0]
Board:
    0  1  2  3  4 
  +---------------
 0| -1 -1 0  1  1  
 1| 0  1  1  1  1  
 2| 1  1  1  1  1  
 3| 1  1  1  1  1  
 4| -1 -1 -1 -1 -1 
Player: -1 with move [0, 1, 0, 2]
Board:
    0  1  2  3  4 
  +---------------
 0| -1 -1 -1 -1 1  
 1| 0  -1 -1 -1 1  
 2| 1  1  1  1  1  
 3| 1  1  1  1  1  
 4| -1 -1 -1 -1 -1 
Player: 1 with move [3, 0, 1, 0]
Board:
    0  1  2  3  4 
  +---------------
 0| 1  1  -1 -1 1  
 1| 1  1  -1 -1 1  
 2| 1  1  1  1  1  
 3| 0  1  1  1  1  
 4| -1 -1 -1 -1 -1 
Player: -1 with move [1, 2, 3, 0]
Board:
    0  1  2  3  4 
  +---------------
 0| 1  1  -1 -1 1  
 1| 1  1  0  -1 1  
 2| -1 -1 1  1  1  
 3| -1 -1 1  1  1  
 4| -1 -1 -1 -1 -1 
Player: 1 with move [0, 1, 1, 2]
Board:
    0  1  2  3  4 
  +---------------
 0| 1  1  1  1  1  
 1| 1  1  1  1  1  
 2| -1 1  1  1  1  
 3| -1 -1 1  1  1  
 4| -1 -1 -1 -1 -1 
SELF PLAY OVER
Player: 1 with move [0, 0, 0, 2]
Board:
    0  1  2  3  4 
  +---------------
 0| 0  0  1  0  -1 
 1| 0  0  0  0  0  
 2| 0  0  0  0  0  
 3| 0  0  0  0  0  
 4| -1 0  0  0  1  
Player: -1 with move [4, 0, 2, 2]
Board:
    0  1  2  3  4 
  +---------------
 0| 0  0  1  0  -1 
 1| 0  0  0  0  0  
 2| 0  0  -1 0  0  
 3| 0  0  0  0  0  
 4| 0  0  0  0  1  
Player: 1 with move [0, 2, 1, 2]
Board:
    0  1  2  3  4 
  +---------------
 0| 0  0  1  0  -1 
 1| 0  0  1  0  0  
 2| 0  0  1  0  0  
 3| 0  0  0  0  0  
 4| 0  0  0  0  1  
Player: -1 with move [0, 4, 0, 3]
Board:
    0  1  2  3  4 
  +---------------
 0| 0  0  -1 -1 -1 
 1| 0  0  -1 0  0  
 2| 0  0  1  0  0  
 3| 0  0  0  0  0  
 4| 0  0  0  0  1  
Player: 1 with move [4, 4, 2, 4]
Board:
    0  1  2  3  4 
  +---------------
 0| 0  0  -1 -1 -1 
 1| 0  0  -1 0  0  
 2| 0  0  1  0  1  
 3| 0  0  0  0  0  
 4| 0  0  0  0  0  
Player: -1 with move [0, 2, 0, 0]
Board:
    0  1  2  3  4 
  +---------------
 0| -1 0  0  -1 -1 
 1| 0  0  -1 0  0  
 2| 0  0  1  0  1  
 3| 0  0  0  0  0  
 4| 0  0  0  0  0  
Player: 1 with move [2, 2, 1, 3]
Board:
    0  1  2  3  4 
  +---------------
 0| -1 0  0  1  1  
 1| 0  0  1  1  0  
 2| 0  0  1  0  1  
 3| 0  0  0  0  0  
 4| 0  0  0  0  0  
Player: -1 with move [0, 0, 0, 2]
Board:
    0  1  2  3  4 
  +---------------
 0| 0  0  -1 -1 1  
 1| 0  0  -1 -1 0  
 2| 0  0  1  0  1  
 3| 0  0  0  0  0  
 4| 0  0  0  0  0  
Player: 1 with move [2, 2, 4, 4]
Board:
    0  1  2  3  4 
  +---------------
 0| 0  0  -1 -1 1  
 1| 0  0  -1 -1 0  
 2| 0  0  0  0  1  
 3| 0  0  0  0  0  
 4| 0  0  0  0  1  
Player: -1 with move [1, 2, 2, 1]
Board:
    0  1  2  3  4 
  +---------------
 0| 0  0  -1 -1 1  
 1| 0  0  -1 -1 0  
 2| 0  -1 0  0  1  
 3| 0  0  0  0  0  
 4| 0  0  0  0  1  
Player: 1 with move [4, 4, 4, 3]
Board:
    0  1  2  3  4 
  +---------------
 0| 0  0  -1 -1 1  
 1| 0  0  -1 -1 0  
 2| 0  -1 0  0  1  
 3| 0  0  0  0  0  
 4| 0  0  0  1  1  
Player: -1 with move [2, 1, 3, 0]
Board:
    0  1  2  3  4 
  +---------------
 0| 0  0  -1 -1 1  
 1| 0  0  -1 -1 0  
 2| 0  -1 0  0  1  
 3| -1 0  0  0  0  
 4| 0  0  0  1  1  
Player: 1 with move [2, 4, 3, 4]
Board:
    0  1  2  3  4 
  +---------------
 0| 0  0  -1 -1 1  
 1| 0  0  -1 -1 0  
 2| 0  -1 0  0  1  
 3| -1 0  0  0  1  
 4| 0  0  0  1  1  
